[2, 0, 2, 2, 2, 7, 5, 7, 2, 2, 12, 2, 12, 12, 14, 14, 14, 14, 14, 19, 20, 23, 20, 25, 23, 12, 12, 29, 12, 12, 12, 34, 34, 12, 34, 37, 34, 37, 2]
[13, 5, 5, 5, 13, 5, 8, 6, 13, 13, 13, 13, 0, 15, 13, 15, 15, 22, 20, 22, 22, 15, 22, 26, 26, 23, 13]
[3, 3, 0, 3, 6, 3, 8, 6, 3, 11, 3, 13, 11, 13, 13, 17, 15, 3]
[2, 0, 2, 5, 2, 2, 2, 2, 8, 12, 12, 9, 12, 12, 14, 19, 19, 19, 14, 19, 2]
[4, 4, 4, 0, 6, 4, 4, 9, 7, 4, 4, 4, 17, 17, 17, 17, 4, 17, 17, 17, 17, 17, 24, 22, 4]
[3, 3, 0, 3, 6, 4, 6, 10, 10, 7, 10, 11, 3, 3, 16, 3, 19, 19, 16, 3]
[2, 0, 4, 5, 2, 5, 10, 10, 10, 5, 10, 13, 11, 10, 10, 18, 18, 15, 18, 22, 22, 18, 2]
[3, 3, 0, 5, 3, 8, 8, 5, 8, 8, 12, 8, 3, 3, 3]
[2, 0, 2, 2, 2, 2, 2, 2, 8, 11, 9, 2, 2, 2, 14, 2]
[3, 3, 0, 3, 4, 3, 8, 3, 8, 11, 9, 3, 17, 17, 17, 17, 3, 17, 17, 17, 3]
[4, 4, 4, 0, 4, 8, 8, 4, 10, 8, 10, 11, 12, 13, 13, 17, 15, 4]
[3, 3, 0, 3, 4, 3, 3, 3, 8, 12, 12, 9, 14, 12, 14, 17, 15, 3]
[2, 0, 4, 2, 4, 5, 2, 10, 10, 2, 10, 11, 14, 11, 10, 10, 18, 10, 22, 22, 22, 18]
[2, 4, 4, 12, 12, 12, 8, 12, 8, 8, 12, 0, 12, 12, 16, 14, 16, 17, 22, 22, 22, 18, 22, 23, 12, 12, 28, 12, 30, 28, 32, 30, 28, 35, 28, 35, 38, 35, 12]
[2, 0, 4, 2, 4, 5, 2, 2, 10, 2, 12, 10, 2]
[2, 0, 2, 2, 2, 10, 10, 10, 10, 2, 12, 10, 14, 12, 12, 15, 15, 15, 20, 18, 10, 10, 24, 10, 29, 29, 29, 29, 24, 24, 34, 34, 34, 24, 38, 38, 38, 34, 38, 34, 43, 43, 34, 46, 46, 43, 48, 43, 48, 48, 50, 51]
[4, 4, 4, 0, 4, 5, 4, 4, 11, 11, 18, 13, 11, 11, 18, 18, 18, 4, 21, 21, 18, 18, 18, 25, 18, 27, 25, 27, 32, 31, 32, 25, 18, 18, 36, 18, 39, 39, 36, 39, 42, 39, 45, 45, 42, 48, 48, 45, 48, 48]
[2, 0, 4, 2, 2, 2, 8, 2, 10, 8, 2, 2, 14, 2, 16, 14, 16, 16, 20, 18, 23, 23, 14, 25, 23, 23, 28, 23, 30, 28, 30, 30, 34, 32, 30, 2]
[2, 0, 6, 6, 6, 2, 6, 12, 12, 12, 12, 7, 12, 17, 17, 17, 12, 12, 12, 21, 12, 21, 22, 25, 26, 23, 26, 2]
[4, 4, 4, 0, 4, 4, 8, 4, 11, 11, 4, 13, 15, 15, 11, 15, 19, 19, 11, 21, 19, 21, 22, 25, 23, 4]
[3, 3, 0, 5, 3, 5, 6, 5, 5, 9, 13, 13, 9, 13, 3]
[3, 3, 0, 9, 9, 9, 9, 9, 3, 11, 9, 11, 15, 15, 11, 15, 18, 16, 15, 15, 23, 23, 15, 25, 23, 25, 3]
[3, 3, 0, 5, 3, 5, 10, 10, 10, 3, 12, 10, 15, 15, 12, 12, 16, 3, 22, 22, 22, 3, 24, 22, 24, 3]
[10, 4, 4, 10, 4, 7, 5, 10, 10, 0, 12, 15, 12, 13, 10, 15, 18, 15, 18, 10, 10, 24, 24, 10, 27, 27, 24, 27, 27, 32, 32, 27, 32, 32, 36, 34, 24, 24, 24, 24, 40, 44, 44, 40, 51, 47, 51, 51, 51, 51, 44, 51]
[2, 0, 8, 8, 8, 7, 8, 2, 10, 8, 10, 10, 12, 17, 17, 17, 13, 2]
[2, 22, 22, 6, 6, 22, 10, 10, 10, 6, 10, 10, 16, 16, 16, 10, 18, 16, 21, 21, 22, 0, 24, 22, 26, 24, 31, 31, 31, 31, 26, 22]
[3, 3, 0, 5, 3, 5, 6, 13, 13, 13, 13, 13, 5, 5, 16, 5, 16, 20, 20, 16, 20, 3]
[2, 0, 2, 2, 7, 7, 2, 7, 8, 8, 8, 8]
[0]
[11, 11, 11, 5, 3, 5, 6, 11, 11, 11, 0, 15, 15, 15, 11, 17, 15, 17, 18, 15, 22, 28, 28, 28, 28, 28, 28, 15, 28, 31, 29, 11]
[2, 0, 4, 2, 2, 5, 8, 2, 8, 11, 9, 2]
[2, 0, 2, 5, 3, 11, 11, 11, 11, 11, 2, 11, 2, 16, 16, 2, 21, 21, 21, 21, 16, 25, 25, 25, 16, 25, 26, 29, 27, 2]
[0, 3, 1, 7, 7, 5, 1, 7, 12, 12, 12, 1, 12, 15, 12, 17, 15, 19, 17, 21, 17, 23, 21, 21, 21, 27, 25, 1]
[3, 3, 0, 5, 3, 10, 10, 10, 10, 3, 14, 14, 14, 10, 14, 3, 3, 22, 22, 22, 22, 3, 26, 26, 26, 22, 26, 29, 26, 29, 30, 34, 34, 31, 36, 34, 36, 3, 40, 3, 42, 40, 42, 48, 48, 48, 48, 43, 51, 51, 42]
[0, 4, 4, 1, 4, 8, 8, 10, 10, 1, 12, 10, 19, 19, 19, 19, 19, 19, 12, 22, 22, 19, 10, 25, 10, 31, 31, 31, 31, 31, 25, 31, 31, 35, 33, 39, 39, 39, 35, 41, 39, 41, 10, 10, 50, 50, 48, 50, 50, 10]
[4, 4, 4, 0, 6, 4, 10, 10, 10, 6, 10, 10, 14, 12, 18, 18, 18, 14, 18, 4]
[5, 5, 5, 5, 0, 7, 5, 7, 10, 8, 10, 13, 11, 17, 17, 17, 10, 17, 17, 21, 19, 21, 24, 22, 24, 24, 28, 26, 7, 31, 7, 5]
[2, 0, 4, 2, 2, 7, 5, 2, 12, 12, 12, 2, 14, 12, 14, 17, 15, 14, 2]
[2, 4, 4, 0, 4, 4, 4, 4, 12, 12, 12, 4, 12, 13, 12, 12, 16, 17, 20, 18, 4]
[2, 0, 5, 5, 2, 5, 6, 5, 10, 8, 10, 11, 12, 2]
[4, 4, 4, 0, 4, 4, 10, 10, 10, 4, 10, 13, 11, 4]
[6, 6, 5, 5, 6, 0, 6, 6, 6, 16, 16, 16, 16, 16, 16, 9, 16, 6, 20, 6, 20, 20, 26, 26, 26, 22, 26, 6]
[2, 51, 5, 5, 2, 2, 2, 2, 10, 2, 12, 10, 2, 16, 16, 33, 19, 19, 33, 19, 33, 33, 27, 27, 27, 27, 33, 29, 27, 29, 33, 33, 2, 33, 34, 35, 34, 37, 33, 33, 45, 45, 45, 45, 33, 45, 48, 46, 51, 51, 0, 51, 51, 51, 56, 51, 56, 56, 51]
[29, 1, 1, 9, 7, 7, 9, 9, 1, 11, 9, 13, 11, 9, 21, 21, 21, 21, 20, 21, 9, 23, 21, 23, 29, 29, 29, 29, 0, 29, 32, 30, 29]
[5, 5, 5, 5, 0, 5, 6, 7, 5, 12, 12, 5, 12, 12, 19, 19, 19, 19, 12, 21, 19, 19, 22, 23, 23, 19, 32, 32, 32, 32, 32, 19, 32, 32, 34, 32, 32, 46, 41, 41, 46, 44, 44, 41, 44, 37, 46, 46]
[4, 4, 4, 0, 6, 8, 8, 9, 4, 12, 12, 9, 12, 4, 4, 19, 19, 19, 4, 4]
[3, 3, 0, 5, 3, 3, 3, 7, 7, 9, 3, 13, 3, 13, 13, 13, 13, 17, 17, 19, 23, 23, 19, 23, 26, 23, 26, 26, 31, 31, 28, 26, 34, 32, 3]
[0, 1]
[8, 1, 4, 2, 8, 8, 8, 0, 8, 9, 8, 8, 14, 15, 12, 15, 8]
[2, 0, 5, 5, 2, 5, 8, 6, 2, 11, 2, 11, 11, 15, 17, 17, 11, 17, 2, 2, 22, 24, 24, 2, 2, 2, 28, 2, 28, 29, 44, 33, 44, 35, 33, 35, 38, 36, 38, 39, 39, 44, 44, 28]
[7, 7, 7, 7, 7, 7, 0, 9, 7, 9, 9, 11, 7]
[3, 3, 0, 8, 8, 8, 8, 3, 3, 11, 16, 11, 12, 12, 16, 3, 16, 19, 16, 19, 20, 19, 26, 26, 26, 22, 16, 16, 30, 16, 30, 35, 35, 35, 38, 38, 38, 30, 41, 41, 38, 44, 44, 41, 46, 44, 3]
[9, 4, 4, 9, 4, 4, 9, 9, 0, 9, 9, 11, 12, 9, 17, 17, 19, 19, 9, 9, 23, 23, 9, 9]
[3, 3, 0, 3, 9, 9, 9, 9, 3, 11, 9, 9, 16, 16, 16, 9, 19, 19, 16, 16, 20, 3, 3, 28, 28, 28, 28, 3, 28, 29, 32, 34, 34, 47, 34, 35, 34, 34, 40, 42, 42, 34, 42, 43, 47, 47, 28, 47, 47, 47]
[3, 3, 0, 3, 3, 3, 8, 9, 6, 9, 10, 13, 9, 3, 3, 21, 21, 21, 21, 21, 25, 21, 25, 25, 3, 25, 30, 30, 30, 25, 30]
